1882532074009067829
1887944216770228231
1885296129841000579
1885614070214152624
1885738621212189054
1887487787948978460
1883317611225833486
1882461990053962236
1881840169575477632
1883046240386253063
1886340678956777930
1886262271623512208
1886499618218824114
1882917086114328882
1888077633843511697
1886288227465629984
1886135572999066078
1885703905226396006
1885008886903529711
1887944216770228231
1885296129841000579
1885738621212189054
1882532074009067829
1887487787948978460
1882461990053962236
1886340678956777930
1888077633843511697
1886288227465629984
1886135572999066078
1885008886903529711
1887423895524765725
1887102421551190019
1887808674342883354
1885659379929616745
1885614070214152624
1886251492111262092
1885795811956543901
1880877296686715054
1882461990053962236
1885795811956543901
1881168444307222537
1887944216770228231
1885296129841000579
1885738621212189054
1886201103735280018
1887487787948978460
1882532074009067829
1886340678956777930
1888077633843511697
1880621420302225606
1886288227465629984
1886135572999066078
1885008886903529711
1887423895524765725
1887102421551190019
1885659379929616745
1887808674342883354
1887944216770228231
1885296129841000579
1885738621212189054
1887487787948978460
1882532074009067829
1882461990053962236
1886340678956777930
1888077633843511697
1886288227465629984
1886135572999066078
1885008886903529711
1887423895524765725
1887102421551190019
1885659379929616745
1887808674342883354
1886251492111262092
1885614070214152624
1885795811956543901
1880877296686715054
1613943631559405569
1843861138691563832
1838359962726121765
1874843501931991151
1732104734293557631
1794539283300155678
1867497671252160832
1815794031521325536
1803872859938549920
1703317673935872077
1732127615446569117
1722730203951014074
1880728013702304226
1814097757382328406
1815964546755920212
1880523362449125554
1801251053003821120
1804802609078796639
1836511434114498696
1703317673935872077
1732062259684557080
1732155545262379281
1357241340313141249
1673323521529749504
1732181566820864203
1204783625327259648
1493044107790348288
1732196288093925445
1732195094772527197
1732180747694616579
1673314478270676994
1887944216770228231
1887487787948978460
1887182467418735040
1888077633843511697
1886340678956777930
1886288227465629984
1887808674342883354
1887935265831792972
1887853743992901940
1887887289382064413
1887584059691344129
1888171960099586423
1887723535134794145
1886845191509721381
1887162094862086218
1887894161329680481
1887515239328997443
1887897879521501475
1886397473507127642
1887944216770228231
1886478881198313681
1887487787948978460
1888077633843511697
1886340678956777930
1886251492111262092
1886618543015313685
1886288227465629984
1886889971841105921
1887808674342883354
1887853743992901940
1887935265831792972
1887584059691344129
1887887289382064413
1885438406882451779
1886845191509721381
1887723535134794145
1888171960099586423
1887894161329680481
1887944216770228231
1887487787948978460
1888077633843511697
1886340678956777930
1886288227465629984
1887808674342883354
1887853743992901940
1887584059691344129
1887935265831792972
1887887289382064413
1888171960099586423
1887723535134794145
1887894161329680481
1887897879521501475
1887515239328997443
1886397473507127642
1887815317931344058
1886465675079844246
1888166884840734951
1887944216770228231
1887487787948978460
1888077633843511697
1886340678956777930
1886251492111262092
1887808674342883354
1887853743992901940
1887584059691344129
1887935265831792972
1887887289382064413
1888171960099586423
1887162094862086218
1887723535134794145
1887894161329680481
1887897879521501475
1887515239328997443
1886397473507127642
1887815317931344058
1886465675079844246
