1887469765494456603
1886141505397481667
1886574866557542441
1887539184585289782
1887347276311634061
1885770971929567421
1886507348388135259
1886877483255128459
1886349693200039973
1886143840861716506
1887886341205012912
1886769390344953879
1885961353677939107
1887624733396816297
1887296691365351829
1887913377256636476
1887734367281422349
1885982550843441366
1885815101086695694
1887421617812213853
1887943906496545002
1887993257998827886
1887815317931344058
1888006500561666062
1887876939668652386
1887845229367349564
1887950976478220615
1887974305390281019
1887707238162440283
1887935265831792972
1888242791253434519
1888241674029048277
1887493493464899868
1887609983459557633
1887898269100953813
1887512622121030074
1885929541534646598
1887797219970928881
1887234389819429228
1888126033561625046
1887561947715149870
1886834657058283628
1887407737396494490
1886704196084486598
1887172476523958682
1887224706279088378
1887243731520115086
1887572000903995652
1887232927613718646
1887658901492871278
1887158437672288348
1887881185461948546
1887139119689552007
1887732615915901145
1887933181489229902
1887686942902677625
1887776383004246249
1887200035223351760
1886476920092827701
1887342993503371319
1887211466861822253
1886386933389308374
1887568102541410453
1887913620807340097
1887558357680082948
1887063621567668538
1887551817564725631
1887465923277369787
1886714032519884991
1887038687852281878
1887784380988612633
1886100251578085476
1886397564133445917
1888230083934200220
1887893207251607701
1886118604384649641
1886745904436162947
1886964352600711613
1888255768433926437
1888258682921861342
1887996305428860972
1887583213754953798
1886820865251459518
1885801284231418092
1886039079533617158
1886780289520685298
1887232899272921456
1886817976193818928
1887681520351257033
1887758089086247345
1886746237195436071
1886326493753524295
1886870780400820543
1887442560160809111
1887413264776126860
1887708257457950960
1886559256628916286
1887481412967637151
1887808674342883354
1887877566796849213
1887941143393976506
1887669608959942750
1887944216770228231
1887806279118184463
1887723535134794145
1886958338631491824
1887377802078658810
1885819995013120276
1888311230131229128
1886521098189332778
1888301228352061865
1885824510693163095
1885987825029611664
1886282168311349704
1887083126230245576
1887154221935735110
1886988464723517799
1887291308269601139
1886726805106909505
1886459641829245297
1886760216617746854
1886089165533749543
1887252299363262676
1888241023047872706
1888298380159254700
1888109848803291229
1887367076249006335
1886780159828877447
1886424512121455061
1888035072709722412
1888200232082510102
1887424725753667978
1886063188879319080
1887496765387252184
1886848177359454371
1887275136564215957
1887979054042677676
1887506105854468157
1887992008087589189
1886471069734985751
1887850523652419585
1887075139814404340
1885977505003360348
1886240090806194318
1885994957598523612
1887873103868662220
1887825390808305718
1887107051664425446
1887227415556178044
1887689002313998644
1886444542942937561
1887949772038013261
1885880428852318529
1887800826112208999
1887490051279311335
1886694300714459317
1886552302825152677
1886838699842813994
1887533809576411178
1887540774725878176
1887466108388577288
1887489761797152939
1887495100562911297
1888260250374914348
1888289316264448140
1887396485945286959
1888294387446120461
1888211183653585379
1888218734348697664
1887113871288148077
1887359113706750236
1887139121757597864
1886007378153275406
1886203083992019416
1887258241794760759
1886324187264123362
1887262526334996641
1887599530612347389
1887925871190659347
1886030735196266914
1887246543360782759
1886605521597145391
1887927104106381546
1886794733269471475
1887465923277369787
1887533133202940405
1887925026382307584
1886785336816353689
1887177167987171581
1887140188872118460
1886760368380219741
1887855906681221206
1887569630325318008
1887697095055781927
1887356793342599430
1887513969813848299
1887871907833213341
1887548848538825112
1887871210525950233
1886685181706137606
1887163378797248800
1887800519038533816
1887965282691596392
1887996960172556790
1886458013479002339
1887972061584163302
1885823963453935894
1887179786700591352
1888010101723906551
1886662842708877530
1886060844066242914
1888248462665515488
