1886814792473514297
1887291308269601139
1886726805106909505
1886988464723517799
1886365068759044221
1887893496151060631
1887805329095692644
1887902140380901767
1887537527214452846
1886728358043464181
1886063188879319080
1888276371094335948
1886826211101348214
1888298380159254700
1886255929081090108
1888275739620900911
1887377315925041406
1888035072709722412
1888200232082510102
1887367076249006335
1887723535134794145
1887954132679487506
1887815317931344058
1888006500561666062
1887876939668652386
1887916744158687398
1887808674342883354
1887877566796849213
1887845229367349564
1887941143393976506
1887501501293044016
1886429776094888280
1887910982351311337
1887585366619922920
1886934551898833310
1886280636744229362
1887912961320378394
1887954132679487506
1887501685875941630
1887803497254408563
1888307128303271990
1887858301184184340
1886161076699504954
1887468025257075171
1886685690747855078
1888296103482650984
1887043517744029894
1885987392579846272
1886778028253950348
1887275729420734637
1888369759739367741
1888052748723065225
1886417620972539912
1887972061584163302
1887179786700591352
1887996960172556790
1887896013030998049
1886781782227624207
1888248462665515488
1886430062473281679
1887832853716897990
1886625523826303045
1887915719213596914
1887643823175835945
1887883223411126575
1887690353136050682
1887903313116500190
1886846365785055398
1886663834015797348
1887651276361711780
